YYYY	MM	D		-	Temp(C)
============================
1722	2	21	-	0.8
1723	2	17	-	0.7
1724	3	19	-	0.8
1725	2	24	-	0.3
1726	4	5	-	0
1727	4	19	-	1.4
1728	3	14	-	0.1
1729	3	30	-	1.1
1730	4	14	-	3.1
1731	3	13	-	0.7
1732	2	29	-	0.9
1739	3	19	-	0
1740	3	4	-	0.2
1741	2	16	-	2.8
1742	2	25	-	0.8
1743	3	27	-	3.7
1744	2	20	-	1.2
1745	4	4	-	0.6
1746	4	1	-	0.2
1747	3	29	-	0.6
1748	4	7	-	1.6
1749	4	9	-	1.4
1750	3	1	-	4.6
1752	3	9	-	3.2
1753	3	6	-	0.8
1754	4	4	-	1.2
1755	3	28	-	4.5
1756	5	2	-	0.4
1757	3	28	-	4.7
1758	4	15	-	3.6
1759	3	9	-	1.7
1760	4	3	-	5.6
1761	3	9	-	0.1
1762	4	6	-	0.7
1763	3	31	-	2.9
1764	3	20	-	0.6
1765	3	8	-	1.1
1766	3	7	-	2.4
1768	3	26	-	2.2
1769	3	14	-	2.6
1774	3	25	-	1.1
1775	2	26	-	2.8
1776	3	13	-	2.1
1777	4	21	-	1.7
1778	4	11	-	5.4
1779	2	16	-	0.5
1780	3	3	-	2.2
1781	3	2	-	0.8
1782	3	28	-	0.4
1783	4	7	-	6
1784	4	8	-	1.7
1785	4	9	-	0.3
1786	4	14	-	4.8
1787	3	22	-	0.2
1788	4	8	-	4.3
1789	4	10	-	2.2
1790	2	17	-	3.6
1791	3	20	-	2.4
1792	3	18	-	0.1
1793	3	31	-	3.8
1794	3	3	-	0.5
1795	3	31	-	0.7
1796	3	30	-	1.1
1797	2	17	-	1.1
1798	4	17	-	7.9
1799	4	8	-	0.3
1800	4	4	-	0.3
1801	2	26	-	1.2
1802	2	27	-	3
1803	3	18	-	1.7
1804	4	11	-	2.1
1805	4	7	-	0.5
1806	4	2	-	0.2
1807	4	6	-	2.3
1808	4	20	-	1.8
1809	4	18	-	4.8
1810	4	19	-	1.5
1811	3	1	-	0.2
1812	4	20	-	1.5
1813	3	16	-	3.7
1814	3	25	-	2.6
1815	4	4	-	5.8
1816	4	9	-	1.5
1817	3	30	-	1.5
1818	3	5	-	0.4
1819	3	27	-	1.1
1820	3	28	-	0.6
1821	4	4	-	1.6
1822	2	16	-	0.8
1823	4	24	-	2.4
1824	4	4	-	0.2
1825	4	8	-	7.2
1826	3	8	-	0.9
1827	3	29	-	1.1
1828	4	12	-	1.8
1829	4	15	-	1.7
1830	3	11	-	1.1
1831	4	8	-	0.2
1832	3	29	-	7.8
1833	4	16	-	1.1
1834	3	28	-	1.6
1835	4	7	-	2.8
1836	3	3	-	0.5
1837	4	13	-	0.5
1838	4	15	-	0.1
1839	4	23	-	1.7
1840	4	4	-	1.1
1841	3	26	-	1.3
1842	2	16	-	1.8
1843	4	16	-	3.5
1844	3	29	-	0.3
1845	4	15	-	1.8
1846	2	23	-	2.8
1847	3	15	-	1.9
1848	3	13	-	0.8
1849	4	16	-	0.3
1850	4	6	-	2.5
1851	4	6	-	1.1
1852	4	27	-	1
1853	4	20	-	0.6
1854	3	8	-	1.1
1855	4	3	-	0.9
1856	4	4	-	3.3
1857	4	3	-	0.4
1858	4	14	-	0.5
1859	3	2	-	1.1
1860	4	5	-	0.7
1861	3	18	-	1.2
1862	4	6	-	0.7
1863	3	13	-	0
1864	4	9	-	3.3
1865	4	1	-	1.6
1866	3	31	-	2.3
1867	3	27	-	1.7
1868	3	17	-	1.1
1869	3	29	-	0.5
1870	3	29	-	0.7
1871	3	3	-	1.1
1872	3	4	-	2.3
1873	3	24	-	2.1
1874	4	3	-	2.5
1875	4	4	-	1.3
1876	4	1	-	1.3
1877	4	24	-	0.6
1878	2	18	-	2.8
1879	4	1	-	1
1880	4	6	-	0.8
1881	4	12	-	1.1
1882	3	9	-	3.7
1883	4	7	-	0.9
1884	3	15	-	1.9
1885	3	26	-	1.4
1886	3	24	-	1.1
1887	2	27	-	2.7
1888	4	14	-	0.9
1889	4	4	-	0.6
1890	3	11	-	2.3
1891	4	8	-	1.1
1892	3	20	-	1.5
1893	3	31	-	0.2
1894	2	28	-	1.8
1895	3	28	-	0.9
1896	3	19	-	1.3
1897	4	6	-	0.3
1898	3	29	-	0.3
1899	3	29	-	4.2
1900	4	7	-	0.6
1901	4	7	-	2.4
1902	4	15	-	0
1903	2	19	-	2.9
1904	4	3	-	1.2
1905	3	10	-	1
1906	4	1	-	0.4
1907	3	26	-	1.7
1908	3	28	-	0.4
1909	4	24	-	0.1
1910	2	16	-	0.3
1911	3	26	-	1.1
1912	2	27	-	1.8
1913	3	4	-	1.8
1914	4	4	-	1.2
1915	4	6	-	2.1
1916	3	27	-	0.9
1917	4	11	-	0.3
1918	3	14	-	0.2
1919	4	7	-	0.1
1920	2	29	-	2.5
1921	3	9	-	1.4
1922	2	23	-	0.6
1923	3	15	-	2.1
1924	4	4	-	1.9
1925	3	31	-	4.1
1926	2	25	-	0.3
1927	3	1	-	0.2
1928	3	30	-	0.8
1929	3	17	-	3.2
1930	3	19	-	1.5
1931	4	14	-	0
1932	3	25	-	0.3
1933	3	10	-	0.8
1934	4	18	-	7.6
1935	2	19	-	3.5
1936	3	26	-	1.6
1937	4	3	-	1.2
1938	2	27	-	2.1
1939	3	4	-	1.5
1940	4	15	-	0.5
1941	4	10	-	0.4
1942	4	6	-	0.1
1943	2	18	-	3.8
1944	4	14	-	2.5
1945	3	20	-	1.8
1946	3	24	-	1.9
1947	4	4	-	0.5
1948	3	19	-	0
1949	2	16	-	4.7
1950	3	17	-	2.3
1951	4	2	-	0.1
1952	4	4	-	0.8
1953	2	25	-	0.9
1954	4	9	-	0.7
1955	4	30	-	6
1956	4	19	-	3
1957	3	30	-	0
1958	4	12	-	2.4
1959	2	24	-	2
1960	4	6	-	1.4
1961	2	25	-	0.6
1962	3	31	-	0.2
1963	4	7	-	3.1
1964	4	10	-	2.1
1965	3	28	-	0.3
1966	3	31	-	0.2
1967	3	5	-	2.6
1968	3	20	-	0.3
1969	4	3	-	1.5
1970	4	13	-	0.4
1971	4	6	-	0.1
1972	3	19	-	0.5
1973	3	10	-	1.3
1974	3	25	-	1.7
1975	3	4	-	3.2
1976	3	27	-	1.5
1977	3	8	-	2.7
1978	3	25	-	1.4
1979	3	25	-	0.7
1980	3	29	-	0.6
1981	3	30	-	0.7
1982	3	30	-	1.3
1983	3	13	-	0.9
1984	4	4	-	1.4
1985	4	11	-	0.1
1986	3	18	-	0.4
1987	3	27	-	1.9
1988	3	26	-	0.3
1989	2	23	-	0.3
1990	2	18	-	1.1
1991	3	17	-	0.4
1992	2	27	-	3.2
1993	3	14	-	2.8
1994	3	5	-	0.3
1995	2	16	-	2.5
1996	4	3	-	0.2
1997	2	20	-	0
1998	2	18	-	4.1
1999	3	25	-	2.7
2000	3	18	-	0.8
2001	3	9	-	0.6
2002	3	16	-	0.3
2003	3	7	-	0
2004	3	14	-	1.2
2005	3	22	-	2.4
2006	4	3	-	1.4
2007	3	5	-	0.6
2008	2	17	-	3.5
2009	3	28	-	1.5
2010	3	25	-	0.6
2011	3	8	-	1.8
2012	3	9	-	2.4
2013	4	11	-	1.8
